       1 RQST        62892       62892 1 1001  0040e  002                                                                 
         RPLY        62964          72 1 0000                      00 00                                                  
       2 RQST        63990        1026 1 1001  00000  012                                                                 
         RPLY        64062          72 1 0000                      11 0A 84 01 00 00 01 00 02 00 00 00       
       3 RQST        65665        1603 1 1001  0000f  001                                                                 
         RPLY        65738          73 1 0000                      00                                                     
       4 RQST        67384        1646 1 1000  00300  012          00 80 E1 34 30 32 38 00 00 11 03 21    
         RPLY        67548         164 1 0000                                                                             
       5 RQST        68521         973 1 1001  00400  009                                                                 
         RPLY        68592          71 1 0000                      00 00 00 00 00 00 00 00 00                             
       6 RQST        69963        1371 1 1001  68028  001                                                                 
         RPLY        70034          71 1 0000                      01                                                     
       7 RQST       124411       54377 1 1001  00001  002                                                                 
         RPLY       124483          72 1 0000                      0A 84                                                  
       8 RQST       124550          67 1 1000  00100  002          0A 84                                                  
         RPLY       124638          88 1 0000                                                                             
       9 RQST       124690          52 1 1000  00102  005          21 00 00 00 00                                         
         RPLY       124801         111 1 0000                                                                             
      10 RQST       124853          52 1 1001  00202  006                                                                 
         RPLY       124925          72 1 0000                      77 77 01 00 44 44                                      
      11 RQST       125023          98 1 1000  00102  005          22 08 08 08 08                                         
         RPLY       125134         111 1 0000                                                                             
      12 RQST       125419         285 1 1001  00202  006                                                                 
         RPLY       125491          72 1 0000                      77 77 01 00 44 44                                      
      13 RQST       125590          99 1 1000  00102  005          00 08 08 08 08                                         
         RPLY       125700         110 1 0000                                                                             
