       1 RQST            0           0 1 1000  00600  001          02                                                     
         RPLY           81          81 1 0000                                                                             
       2 RQST            0           0 1 1001  00600  001                                                                 
         RPLY           73          73 1 0000                      02                                                     
       3 RQST          138          65 1 1000  00600  001          01                                                     
         RPLY          220          82 1 0000                                                                             
       4 RQST          276          56 1 1001  00000  014                                                                 
         RPLY          349          73 1 0000                      11 0A 84 01 00 00 01 00 02 00 00 00 00 00              
       5 RQST          518         169 1 0100  00050  200                                                                 
         RPLY          683         165 1 0000                                                                             
       6 RQST          739          56 1 0100  00050  001          00                                                     
         RPLY          910         171 1 0000                                                                             
       7 RQST          966          56 1 0101  00050  110                                                                 
         RPLY         1131         165 1 0000                                                                             
       8 RQST         1188          57 1 0101  00050  016                                                                 
         RPLY         1545         357 1 0010                                                                             
       9 RQST         1597          52 1 0101  00050  016                                                                 
         RPLY         1954         357 1 0010                                                                             
      10 RQST         2006          52 1 0101  00050  016                                                                 
         RPLY         2363         357 1 0010                                                                             
      11 RQST         2415          52 1 0101  00050  016                                                                 
         RPLY         2753         338 1 0000                      00 FF FF FF FF FF FF 00 30 AE CB 0F 01 01 01 01        
      12 RQST         2934         181 1 0101  00050  016                                                                 
         RPLY         3292         358 1 0010                                                                             
      13 RQST         3344          52 1 0101  00050  016                                                                 
         RPLY         3701         357 1 0010                                                                             
      14 RQST         3752          51 1 0101  00050  016                                                                 
         RPLY         4110         358 1 0010                                                                             
      15 RQST         4162          52 1 0101  00050  016                                                                 
         RPLY         4512         350 1 0000                      32 14 01 04 B5 33 1D 78 3A C2 85 A4 56 4D 9C 25        
      16 RQST         4691         179 1 0101  00050  016                                                                 
         RPLY         5049         358 1 0010                                                                             
      17 RQST         5100          51 1 0101  00050  016                                                                 
         RPLY         5458         358 1 0010                                                                             
      18 RQST         5509          51 1 0101  00050  016                                                                 
         RPLY         5867         358 1 0010                                                                             
      19 RQST         5918          51 1 0101  00050  016                                                                 
         RPLY         6271         353 1 0000                      12 50 54 BF CF 00 71 4F 81 80 81 8C 81 8A 95 00        
      20 RQST         6453         182 1 0101  00050  016                                                                 
         RPLY         6811         358 1 0010                                                                             
      21 RQST         6864          53 1 0101  00050  016                                                                 
         RPLY         7221         357 1 0010                                                                             
      22 RQST         7273          52 1 0101  00050  016                                                                 
         RPLY         7630         357 1 0010                                                                             
      23 RQST         7682          52 1 0101  00050  016                                                                 
         RPLY         8030         348 1 0000                      95 0F B3 00 B3 0F 02 3A 80 18 71 38 2D 40 58 2C        
      24 RQST         8210         180 1 0101  00050  016                                                                 
         RPLY         8567         357 1 0010                                                                             
      25 RQST         8619          52 1 0101  00050  016                                                                 
         RPLY         8977         358 1 0010                                                                             
      26 RQST         9028          51 1 0101  00050  016                                                                 
         RPLY         9386         358 1 0010                                                                             
      27 RQST         9436          50 1 0101  00050  016                                                                 
         RPLY         9788         352 1 0000                      45 00 FD 1E 11 00 00 1E 00 00 00 FD 00 32 4B 1E        
      28 RQST         9970         182 1 0101  00050  016                                                                 
         RPLY        10327         357 1 0010                                                                             
      29 RQST        10379          52 1 0101  00050  016                                                                 
         RPLY        10737         358 1 0010                                                                             
      30 RQST        10787          50 1 0101  00050  016                                                                 
         RPLY        11146         359 1 0010                                                                             
      31 RQST        11196          50 1 0101  00050  016                                                                 
         RPLY        11547         351 1 0000                      53 14 00 0A 20 20 20 20 20 20 00 00 00 FC 00 4C        
      32 RQST        11728         181 1 0101  00050  016                                                                 
         RPLY        12085         357 1 0010                                                                             
      33 RQST        12137          52 1 0101  00050  016                                                                 
         RPLY        12494         357 1 0010                                                                             
      34 RQST        12545          51 1 0101  00050  016                                                                 
         RPLY        12904         359 1 0010                                                                             
      35 RQST        12955          51 1 0101  00050  016                                                                 
         RPLY        13306         351 1 0000                      32 33 32 31 70 20 57 69 64 65 0A 20 00 00 00 FF        
      36 RQST        13488         182 1 0101  00050  016                                                                 
         RPLY        13846         358 1 0010                                                                             
      37 RQST        13897          51 1 0101  00050  016                                                                 
         RPLY        14254         357 1 0010                                                                             
      38 RQST        14307          53 1 0101  00050  016                                                                 
         RPLY        14664         357 1 0010                                                                             
      39 RQST        14715          51 1 0101  00050  016                                                                 
         RPLY        15065         350 1 0000                      00 41 35 30 30 30 30 31 35 0A 20 20 20 20 01 EF        
      40 RQST        15244         179 1 0001  00050  085                                                                 
         RPLY        15328          84 1 0000                                                                             
      41 RQST        15398          70 1 0100  00050  137                                                                 
         RPLY        15561         163 1 0000                                                                             
      42 RQST        15618          57 1 0100  00050  001          80                                                     
         RPLY        15790         172 1 0000                                                                             
      43 RQST        15844          54 1 0101  00050  126                                                                 
         RPLY        16010         166 1 0000                                                                             
      44 RQST        16066          56 1 0101  00050  016                                                                 
         RPLY        16424         358 1 0010                                                                             
      45 RQST        16476          52 1 0101  00050  016                                                                 
         RPLY        16834         358 1 0010                                                                             
      46 RQST        16886          52 1 0101  00050  016                                                                 
         RPLY        17243         357 1 0010                                                                             
      47 RQST        17295          52 1 0101  00050  016                                                                 
         RPLY        17631         336 1 0000                      02 03 16 F1 49 90 1F 04 13 12 11 03 02 01 23 09        
      48 RQST        17814         183 1 0101  00050  016                                                                 
         RPLY        18172         358 1 0010                                                                             
      49 RQST        18223          51 1 0101  00050  016                                                                 
         RPLY        18581         358 1 0010                                                                             
      50 RQST        18631          50 1 0101  00050  016                                                                 
         RPLY        18990         359 1 0010                                                                             
      51 RQST        19042          52 1 0101  00050  016                                                                 
         RPLY        19390         348 1 0000                      07 07 83 01 00 00 01 1D 00 72 51 D0 1E 20 6E 28        
      52 RQST        19572         182 1 0101  00050  016                                                                 
         RPLY        19929         357 1 0010                                                                             
      53 RQST        19981          52 1 0101  00050  016                                                                 
         RPLY        20339         358 1 0010                                                                             
      54 RQST        20390          51 1 0101  00050  016                                                                 
         RPLY        20748         358 1 0010                                                                             
      55 RQST        20799          51 1 0101  00050  016                                                                 
         RPLY     16798365    16777163 1 0000                      TIMEOUT ERROR                                          
      56 RQST     16799420          78 1 1001  00201  001                                                                 
         RPLY     16799494          74 1 0000                      00                                                     
      57 RQST     16799560          66 1 1001  00200  001                                                                 
         RPLY     16799634          74 1 0000                      41                                                     
      58 RQST     16799697          63 1 1001  00205  001                                                                 
         RPLY     16799771          74 1 0000                      00                                                     
      59 RQST     17937070     1137299 1 1001  00600  001                                                                 
         RPLY     17937144          74 1 0000                      01                                                     
      60 RQST     17983804       46660 1 1001  00101  001                                                                 
         RPLY     17983878          74 1 0000                      84                                                     
      61 RQST     17983942          64 1 1000  00101  001          84                                                     
         RPLY     17984023          81 1 0000                                                                             
      62 RQST     17984081          58 1 1000  00100  001          0A                                                     
         RPLY     17984162          81 1 0000                                                                             
      63 RQST     17984217          55 1 1001  00101  001                                                                 
         RPLY     17984291          74 1 0000                      84                                                     
      64 RQST     17984354          63 1 1000  00101  001          84                                                     
         RPLY     17984436          82 1 0000                                                                             
      65 RQST     17984493          57 1 1000  00102  001          21                                                     
         RPLY     17984574          81 1 0000                                                                             
      66 RQST     17984632          58 1 1000  00103  004          00 00 00 00                                            
         RPLY     17985028         396 1 0010                                                                             
      67 RQST     17985080          52 1 1000  00103  004          00 00 00 00                                            
         RPLY     17985475         395 1 0010                                                                             
      68 RQST     17985529          54 1 1000  00103  004          00 00 00 00                                            
         RPLY     17985677         148 1 0000                                                                             
      69 RQST     17985836         159 1 1001  00202  003                                                                 
         RPLY     17985909          73 1 0000                      00 00 00                                               
      70 RQST     17985988          79 1 1001  00206  001                                                                 
         RPLY     17986062          74 1 0000                      CC                                                     
      71 RQST     17986124          62 1 1001  00207  001                                                                 
         RPLY     17986198          74 1 0000                      CC                                                     
      72 RQST     17986263          65 1 1000  00103  004          38 38 38 38                                            
         RPLY     17986658         395 1 0010                                                                             
      73 RQST     17986711          53 1 1000  00103  004          38 38 38 38                                            
         RPLY     17987106         395 1 0010                                                                             
      74 RQST     17987158          52 1 1000  00103  004          38 38 38 38                                            
         RPLY     17987370         212 1 0000                                                                             
      75 RQST     17987528         158 1 1001  00202  003                                                                 
         RPLY     17987602          74 1 0000                      11 11 00                                               
      76 RQST     17987682          80 1 1000  00102  001          22                                                     
         RPLY     17987763          81 1 0000                                                                             
      77 RQST     17987821          58 1 1000  00103  004          38 38 38 38                                            
         RPLY     17988215         394 1 0010                                                                             
      78 RQST     17988268          53 1 1000  00103  004          38 38 38 38                                            
         RPLY     17988663         395 1 0010                                                                             
      79 RQST     17988716          53 1 1000  00103  004          38 38 38 38                                            
         RPLY     17988823         107 1 0000                                                                             
      80 RQST     17989281         458 1 1001  00202  003                                                                 
         RPLY     17989355          74 1 0000                      11 11 00                                               
      81 RQST     17989433          78 1 1001  00206  001                                                                 
         RPLY     17989507          74 1 0000                      88                                                     
      82 RQST     17989571          64 1 1001  00207  001                                                                 
         RPLY     17989643          72 1 0000                      88                                                     
      83 RQST     17989708          65 1 1000  00103  004          10 10 10 10                                            
         RPLY     17990104         396 1 0010                                                                             
      84 RQST     17990157          53 1 1000  00103  004          10 10 10 10                                            
         RPLY     17990552         395 1 0010                                                                             
      85 RQST     17990605          53 1 1000  00103  004          10 10 10 10                                            
         RPLY     17990711         106 1 0000                                                                             
      86 RQST     17991170         459 1 1001  00202  003                                                                 
         RPLY     17991244          74 1 0000                      11 11 00                                               
      87 RQST     17991322          78 1 1001  00206  001                                                                 
         RPLY     17991396          74 1 0000                      44                                                     
      88 RQST     17991459          63 1 1001  00207  001                                                                 
         RPLY     17991532          73 1 0000                      44                                                     
      89 RQST     17991597          65 1 1000  00103  004          08 08 08 08                                            
         RPLY     17991993         396 1 0010                                                                             
      90 RQST     17992046          53 1 1000  00103  004          08 08 08 08                                            
         RPLY     17992441         395 1 0010                                                                             
      91 RQST     17992493          52 1 1000  00103  004          08 08 08 08                                            
         RPLY     17992599         106 1 0000                                                                             
      92 RQST     17993058         459 1 1001  00202  003                                                                 
         RPLY     17993131          73 1 0000                      11 11 00                                               
      93 RQST     17993209          78 1 1001  00206  001                                                                 
         RPLY     17993283          74 1 0000                      00                                                     
      94 RQST     17993347          64 1 1001  00207  001                                                                 
         RPLY     17993421          74 1 0000                      00                                                     
      95 RQST     17993486          65 1 1000  00103  004          00 00 00 00                                            
         RPLY     17993880         394 1 0010                                                                             
      96 RQST     17993934          54 1 1000  00103  004          00 00 00 00                                            
         RPLY     17994329         395 1 0010                                                                             
      97 RQST     17994382          53 1 1000  00103  004          00 00 00 00                                            
         RPLY     17994679         297 1 0000                                                                             
      98 RQST     17995137         458 1 1001  00202  003                                                                 
         RPLY     17995211          74 1 0000                      11 11 00                                               
      99 RQST     17995290          79 1 1001  00206  001                                                                 
         RPLY     17995363          73 1 0000                      44                                                     
     100 RQST     17995426          63 1 1001  00207  001                                                                 
         RPLY     17995500          74 1 0000                      44                                                     
     101 RQST     17995565          65 1 1000  00103  004          08 08 08 08                                            
         RPLY     17995959         394 1 0010                                                                             
     102 RQST     17996013          54 1 1000  00103  004          08 08 08 08                                            
         RPLY     17996408         395 1 0010                                                                             
     103 RQST     17996462          54 1 1000  00103  004          08 08 08 08                                            
         RPLY     17996711         249 1 0000                                                                             
     104 RQST     17997168         457 1 1001  00202  003                                                                 
         RPLY     17997242          74 1 0000                      77 77 01                                               
     105 RQST     17997321          79 1 1000  00102  001          00                                                     
         RPLY     17997403          82 1 0000                                                                             
     106 RQST     18061896       64493 1 1001  68000  005                                                                 
         RPLY     18061970          74 1 0000                      C1 DD 19 3D 2C                                         
     107 RQST     18062065          95 1 1001  68028  001                                                                 
         RPLY     18062139          74 1 0000                      01                                                     
